-0.110664
0.221391
0.159253
26.377562
21.376359
4.296270
14.230514
3.238958
1.172669
1.494069
-13.653295
2.788394
7.103710
2.550794
-0.493738
7.704916
3.189419
1.146127
4.123174
-17.789098
3.926007
-16.155989
0.302536
9.368859
-3.714250
10.304618
7.227392
2.298135
2.072506
0.135929
1.885762
15.127711
3.489292
14.007381
-16.331755
-1.993746
5.726582
-4.267562
7.443101
2.227136
3.666908
-6.726728
6.159158
-10.236866
-9.060596
-1.137823
-4.519370
-2.509170
-7.295061
-0.879843
-4.757237
-4.277663
-4.748730
-7.237599
-3.557988
-5.023947
-5.700284
-3.447187
-4.273413
-2.308300
-6.559728
-3.008053
-1.676658
0.585281
-19.519013
1.308509
0.060664
-1.089513
-9.957471
-1.013275
-2.982720
0.780833
6.935510
0.009359
-0.878849
4.171077
-1.769747
0.012194
-17.696547
3.876163
0.279924
-3.958754
-3.351821
-6.502180
1.608530
2.667166
-9.587256
-14.793459
0.590054
-8.458072
1.912377
-3.003341
4.772218
8.559490
-15.817707
0.947172
-4.572470
3.954532
0.710783
-3.201603
0.456123
0.196385
-1.209301
-11.704642
-8.901264
