-0.012218,0.035173,0.379892
-0.033973,0.003543,0.378858
-0.026665,-0.001145,0.379285
-0.019386,-0.002666,0.379423
-0.012120,-0.001379,0.379306
-0.004853,0.002839,0.378922
-0.038880,0.008977,0.374474
-0.031584,0.008153,0.374549
-0.024267,0.002986,0.375024
-0.016984,0.002165,0.375099
-0.009711,0.005098,0.374830
-0.041336,0.011126,0.370383
-0.034034,0.010184,0.370470
-0.026702,0.003602,0.371081
-0.019411,0.001725,0.371255
-0.012136,0.003133,0.371124
-0.004861,0.009360,0.370547
-0.033969,0.001051,0.367431
-0.026666,-0.003048,0.367815
-0.019388,-0.004335,0.367936
-0.012120,-0.003282,0.367837
-0.004852,0.000465,0.367486
0.002431,0.010332,0.366563
-0.033971,0.000611,0.363586
-0.026666,-0.003605,0.363984
-0.019387,-0.005126,0.364128
-0.012120,-0.003839,0.364007
-0.004852,-0.000092,0.363652
0.002431,0.009657,0.362731
-0.033978,0.000758,0.359684
-0.026671,-0.003576,0.360098
-0.019391,-0.004863,0.360220
-0.012122,-0.003810,0.360120
-0.004853,0.000054,0.359751
0.002432,0.010041,0.358799
-0.033984,0.000904,0.355781
-0.026675,-0.003431,0.356198
-0.019394,-0.004835,0.356334
-0.012124,-0.003782,0.356232
-0.004854,0.000084,0.355860
0.002433,0.010307,0.354876
-0.031556,0.000113,0.351968
-0.024254,-0.003519,0.352320
-0.016975,-0.004222,0.352389
-0.009705,-0.001880,0.352161
-0.043802,0.010605,0.347049
-0.036415,0.000025,0.348085
-0.029102,-0.004544,0.348533
-0.021818,-0.006299,0.348705
-0.012123,-0.005480,0.348625
-0.004853,-0.002202,0.348304
0.002430,0.004956,0.347602
-0.043756,0.005221,0.343680
-0.036402,-0.002291,0.344422
-0.029096,-0.006154,0.344804
-0.021814,-0.007791,0.344966
-0.014543,-0.007557,0.344943
-0.007275,-0.005569,0.344747
0.000000,-0.001353,0.344330
0.009735,0.010400,0.343168
-0.046169,0.002783,0.340025
-0.038820,-0.003902,0.340692
-0.031515,-0.007646,0.341066
-0.024231,-0.009633,0.341264
-0.016960,-0.010100,0.341310
-0.009693,-0.009516,0.341252
-0.002425,-0.007062,0.341007
0.004853,-0.003434,0.340645
0.012148,0.002196,0.340084
0.019475,0.010902,0.339215
-0.053507,0.006104,0.335794
-0.046116,-0.002936,0.336704
-0.038789,-0.008086,0.337222
-0.031494,-0.011240,0.337540
-0.024217,-0.012990,0.337716
-0.016949,-0.013690,0.337786
-0.009686,-0.013340,0.337751
-0.002422,-0.012174,0.337634
0.004847,-0.009839,0.337399
0.012127,-0.006215,0.337034
0.019429,-0.000357,0.336444
0.026797,0.013292,0.335071
-0.055887,0.001315,0.332379
-0.048511,-0.006538,0.333177
-0.041189,-0.011446,0.333675
-0.033895,-0.014712,0.334007
-0.026618,-0.016926,0.334231
-0.019356,-0.017508,0.334290
-0.012098,-0.017275,0.334267
-0.004841,-0.016111,0.334149
0.002422,-0.013896,0.333924
0.009694,-0.010395,0.333568
0.016983,-0.005367,0.333058
0.024309,0.003195,0.332189
-0.065709,0.007577,0.327840
-0.058260,-0.003699,0.328995
-0.050898,-0.010601,0.329702
-0.043587,-0.014569,0.330108
-0.036302,-0.017133,0.330371
-0.029033,-0.018413,0.330502
-0.021772,-0.018879,0.330549
-0.014516,-0.018530,0.330514
-0.007260,-0.017365,0.330394
0.000000,-0.015502,0.330204
0.007267,-0.012819,0.329929
0.014548,-0.008732,0.329510
0.021853,-0.002645,0.328887
0.029216,0.009462,0.327647
-0.063136,-0.002850,0.325013
-0.055769,-0.009405,0.325690
-0.048448,-0.013609,0.326124
-0.041156,-0.016291,0.326401
-0.033880,-0.018038,0.326581
-0.026615,-0.018853,0.326665
-0.019355,-0.019085,0.326690
-0.012099,-0.018503,0.326629
-0.004840,-0.017572,0.326533
0.002421,-0.015475,0.326317
0.009692,-0.012676,0.326028
0.016976,-0.008587,0.325605
0.024288,-0.002030,0.324928
0.031674,0.011970,0.323482
-0.065613,-0.000241,0.320844
-0.058224,-0.007741,0.321626
-0.050892,-0.012415,0.322112
-0.043590,-0.015681,0.322453
-0.036308,-0.017662,0.322659
-0.029038,-0.018943,0.322792
-0.021777,-0.019292,0.322829
-0.014518,-0.019176,0.322817
-0.007261,-0.018244,0.322720
0.000000,-0.016847,0.322574
0.007267,-0.014632,0.322343
0.014544,-0.011364,0.322003
0.021840,-0.006453,0.321492
0.029178,0.002343,0.320575
-0.065639,0.000845,0.316830
-0.058235,-0.007596,0.317717
-0.050899,-0.012505,0.318233
-0.043595,-0.015771,0.318576
-0.036312,-0.017869,0.318796
-0.029041,-0.019150,0.318931
-0.021779,-0.019615,0.318979
-0.014520,-0.019499,0.318967
-0.007261,-0.018684,0.318882
0.000000,-0.017403,0.318747
0.007266,-0.015422,0.318539
0.014543,-0.012505,0.318233
0.021835,-0.008181,0.317778
0.029165,-0.000446,0.316966
-0.065669,0.002167,0.312788
-0.058243,-0.007685,0.313832
-0.050906,-0.012594,0.314352
-0.043600,-0.015978,0.314710
-0.036316,-0.018076,0.314932
-0.029044,-0.019357,0.315068
-0.021780,-0.019939,0.315130
-0.014521,-0.019822,0.315117
-0.007262,-0.019124,0.315043
0.000000,-0.017959,0.314920
0.007266,-0.016211,0.314735
0.014541,-0.013762,0.314475
0.021831,-0.009673,0.314042
0.029153,-0.002881,0.313323
0.036574,0.013244,0.311615
-0.060735,-0.003556,0.309495
-0.053357,-0.011049,0.310295
-0.046038,-0.015135,0.310731
-0.038746,-0.017700,0.311005
-0.031470,-0.019331,0.311180
-0.024204,-0.020029,0.311254
-0.016942,-0.020262,0.311279
-0.009682,-0.019796,0.311229
-0.002421,-0.018981,0.311142
0.004844,-0.017467,0.310980
0.012114,-0.015485,0.310769
0.019396,-0.012567,0.310457
0.026700,-0.007423,0.309908
0.034054,0.001962,0.308905
-0.058307,-0.004114,0.305654
-0.050925,-0.012307,0.306536
-0.043609,-0.016391,0.306976
-0.036323,-0.018606,0.307215
-0.029050,-0.019887,0.307353
-0.021785,-0.020469,0.307415
-0.014523,-0.020469,0.307415
-0.007262,-0.020003,0.307365
0.000000,-0.018955,0.307252
0.007266,-0.017557,0.307102
0.014540,-0.015458,0.306876
0.021825,-0.012190,0.306524
0.029134,-0.007044,0.305970
0.036509,0.003991,0.304781
-0.060837,0.002491,0.301036
-0.053403,-0.008537,0.302233
-0.046055,-0.014848,0.302918
-0.038754,-0.018230,0.303285
-0.031476,-0.019744,0.303450
-0.024208,-0.020559,0.303538
-0.016945,-0.020792,0.303563
-0.009683,-0.020559,0.303538
-0.002421,-0.019861,0.303462
0.004844,-0.018696,0.303336
0.012114,-0.016948,0.303146
0.019393,-0.014498,0.302880
0.026687,-0.010877,0.302487
0.034023,-0.003382,0.301673
-0.058358,-0.001593,0.297574
-0.050962,-0.010382,0.298536
-0.043625,-0.016105,0.299163
-0.036330,-0.019136,0.299494
-0.029055,-0.020417,0.299634
-0.021789,-0.020999,0.299698
-0.014525,-0.021116,0.299711
-0.007263,-0.020766,0.299673
0.000000,-0.019951,0.299584
0.007266,-0.018787,0.299456
0.014538,-0.017155,0.299277
0.021820,-0.014588,0.298997
0.029121,-0.010499,0.298549
0.038945,0.002874,0.297085
-0.058368,-0.001564,0.293665
-0.050969,-0.010471,0.294648
-0.043631,-0.016195,0.295279
-0.036333,-0.019343,0.295627
-0.029058,-0.020624,0.295768
-0.021791,-0.021206,0.295832
-0.014526,-0.021672,0.295884
-0.007264,-0.021206,0.295832
0.000000,-0.020508,0.295755
0.007266,-0.019460,0.295639
0.014538,-0.017945,0.295472
0.021818,-0.015612,0.295215
0.029115,-0.011991,0.294816
0.036455,-0.004615,0.294002
-0.063430,0.011660,0.288287
-0.053427,-0.008571,0.290537
-0.046076,-0.014885,0.291239
-0.038764,-0.019084,0.291706
-0.031486,-0.020482,0.291862
-0.024215,-0.021297,0.291952
-0.016949,-0.021646,0.291991
-0.009685,-0.021646,0.291991
-0.002422,-0.021181,0.291939
0.004844,-0.020365,0.291849
0.012113,-0.019200,0.291719
0.019389,-0.017452,0.291525
0.026678,-0.014535,0.291200
0.033992,-0.009508,0.290641
0.041431,0.007056,0.288799
-0.058358,-0.003619,0.286080
-0.050969,-0.011820,0.286999
-0.043631,-0.017542,0.287641
-0.036339,-0.019990,0.287915
-0.029064,-0.021155,0.288045
-0.021795,-0.021737,0.288111
-0.014529,-0.021970,0.288137
-0.007265,-0.021853,0.288124
0.000000,-0.021504,0.288085
0.007267,-0.020689,0.287993
0.014537,-0.019524,0.287863
0.021817,-0.017309,0.287614
0.029114,-0.013456,0.287183
0.036466,-0.004558,0.286185
-0.060829,-0.001477,0.281930
-0.053416,-0.010857,0.282990
-0.046069,-0.016933,0.283676
-0.038770,-0.019731,0.283992
-0.031491,-0.021013,0.284137
-0.024220,-0.021711,0.284216
-0.016952,-0.022177,0.284269
-0.009687,-0.022293,0.284282
-0.002422,-0.022061,0.284255
0.004844,-0.021478,0.284190
0.012115,-0.019848,0.284005
0.019398,-0.016816,0.283663
0.026694,-0.013196,0.283254
0.034027,-0.006289,0.282474
-0.065864,0.009272,0.276795
-0.058326,-0.007433,0.278697
-0.050953,-0.014571,0.279510
-0.043632,-0.018773,0.279988
-0.036346,-0.020521,0.280187
-0.029070,-0.021569,0.280307
-0.021799,-0.022151,0.280373
-0.014531,-0.022617,0.280426
-0.007266,-0.022501,0.280413
0.000000,-0.021103,0.280254
0.007272,-0.018773,0.279988
0.014552,-0.016323,0.279709
0.021840,-0.013870,0.279430
0.029148,-0.009776,0.278964
0.036527,0.001492,0.277681
-0.060779,-0.006467,0.274680
-0.053392,-0.014194,0.275566
-0.046066,-0.018513,0.276062
-0.038776,-0.020378,0.276276
-0.031498,-0.021427,0.276396
-0.024225,-0.022242,0.276490
-0.016956,-0.022475,0.276516
-0.009692,-0.021311,0.276383
-0.002424,-0.018980,0.276115
0.004851,-0.016880,0.275874
0.012133,-0.014778,0.275633
0.019421,-0.012908,0.275419
0.026719,-0.010334,0.275123
0.034059,-0.003534,0.274343
-0.063233,-0.005501,0.270659
-0.055829,-0.014050,0.271648
-0.048502,-0.018137,0.272120
-0.041208,-0.020120,0.272349
-0.033926,-0.021401,0.272498
-0.026653,-0.021984,0.272565
-0.019390,-0.020586,0.272403
-0.012124,-0.018604,0.272174
-0.004852,-0.016737,0.271958
0.002427,-0.015102,0.271769
0.009709,-0.014050,0.271648
0.016996,-0.012998,0.271526
0.024288,-0.011477,0.271350
0.031604,-0.007260,0.270863
-0.070819,0.011965,0.264713
-0.063198,-0.008639,0.267114
-0.055816,-0.015776,0.267945
-0.048501,-0.018927,0.268313
-0.041211,-0.020560,0.268503
-0.033934,-0.021026,0.268557
-0.026673,-0.019277,0.268353
-0.019407,-0.017527,0.268149
-0.012132,-0.016360,0.268013
-0.004854,-0.015659,0.267932
0.002427,-0.014958,0.267850
0.009710,-0.014607,0.267809
0.016997,-0.013204,0.267646
0.024290,-0.011801,0.267482
0.031605,-0.007818,0.267018
-0.065646,-0.008142,0.263146
-0.058253,-0.015632,0.264026
-0.050938,-0.018551,0.264368
-0.043647,-0.019951,0.264532
-0.036383,-0.018668,0.264382
-0.029114,-0.017501,0.264245
-0.021839,-0.016800,0.264163
-0.014560,-0.016567,0.264135
-0.007281,-0.016100,0.264080
0.000000,-0.015282,0.263984
0.007283,-0.014581,0.263902
0.014570,-0.013762,0.263806
0.021861,-0.012475,0.263655
0.029163,-0.010134,0.263380
0.036520,-0.002037,0.262430
-0.070604,-0.002831,0.258607
-0.060693,-0.015372,0.260090
-0.053374,-0.018408,0.260450
-0.046100,-0.017942,0.260394
-0.038826,-0.017358,0.260325
-0.031547,-0.017241,0.260311
-0.024267,-0.017241,0.260311
-0.016989,-0.016774,0.260256
-0.009709,-0.016190,0.260187
-0.002428,-0.015606,0.260118
0.004856,-0.014904,0.260035
0.012142,-0.014086,0.259938
0.019432,-0.013150,0.259828
0.026729,-0.011395,0.259620
0.034058,-0.006355,0.259024
-0.075654,0.007094,0.253508
-0.068052,-0.011133,0.255680
-0.060689,-0.016397,0.256307
-0.053393,-0.017448,0.256432
-0.046114,-0.017331,0.256418
-0.038830,-0.017565,0.256446
-0.031551,-0.017448,0.256432
-0.024271,-0.017215,0.256404
-0.016991,-0.016864,0.256362
-0.009710,-0.016280,0.256293
-0.002428,-0.015930,0.256251
0.004857,-0.014878,0.256126
0.012144,-0.014176,0.256042
0.019434,-0.013240,0.255931
0.026731,-0.011836,0.255763
0.034059,-0.006913,0.255177
-0.075526,-0.001127,0.250568
-0.068033,-0.013096,0.252005
-0.060695,-0.016604,0.252426
-0.053405,-0.017188,0.252496
-0.046117,-0.017655,0.252552
-0.038836,-0.017655,0.252552
-0.031554,-0.017655,0.252552
-0.024274,-0.017422,0.252524
-0.016993,-0.016955,0.252468
-0.009711,-0.016487,0.252412
-0.002428,-0.015903,0.252341
0.004857,-0.015085,0.252243
0.012145,-0.014266,0.252145
0.019436,-0.013447,0.252047
0.026734,-0.011926,0.251864
0.034061,-0.007237,0.251301
-0.072967,-0.009203,0.247624
-0.065580,-0.015292,0.248360
-0.058270,-0.017045,0.248572
-0.050980,-0.017629,0.248643
-0.043695,-0.017863,0.248671
-0.036412,-0.017863,0.248671
-0.029131,-0.017746,0.248657
-0.021849,-0.017512,0.248628
-0.014567,-0.017279,0.248600
-0.007285,-0.016344,0.248487
0.000000,-0.015759,0.248416
0.007287,-0.014941,0.248317
0.014577,-0.014239,0.248233
0.021870,-0.013186,0.248105
0.029173,-0.011313,0.247879
0.036520,-0.004861,0.247098
-0.077975,-0.001775,0.242804
-0.070487,-0.012925,0.244162
-0.063141,-0.016668,0.244618
-0.055845,-0.017486,0.244718
-0.048554,-0.018187,0.244803
-0.041272,-0.018070,0.244789
-0.033988,-0.018070,0.244789
-0.026705,-0.018070,0.244789
-0.019424,-0.017603,0.244732
-0.012142,-0.017019,0.244661
-0.004857,-0.016434,0.244590
0.002429,-0.015733,0.244504
0.009718,-0.014914,0.244404
0.017009,-0.014095,0.244305
0.024305,-0.013042,0.244176
0.031618,-0.009996,0.243805
0.038997,-0.000716,0.242675
-0.077950,-0.003863,0.239138
-0.070481,-0.013951,0.240375
-0.063148,-0.016875,0.240734
-0.055851,-0.017693,0.240835
-0.048559,-0.018394,0.240921
-0.041275,-0.018394,0.240921
-0.033990,-0.018511,0.240935
-0.026709,-0.018161,0.240892
-0.019426,-0.017810,0.240849
-0.012143,-0.017226,0.240777
-0.004858,-0.016641,0.240706
0.002429,-0.016057,0.240634
0.009719,-0.015121,0.240519
0.017011,-0.014302,0.240419
0.024308,-0.013249,0.240289
0.031619,-0.010555,0.239959
0.038998,-0.001275,0.238820
-0.077931,-0.005598,0.235430
-0.070485,-0.014393,0.236517
-0.063155,-0.017083,0.236849
-0.055857,-0.017901,0.236951
-0.048566,-0.018368,0.237008
-0.041278,-0.018718,0.237052
-0.033995,-0.018602,0.237037
-0.026711,-0.018485,0.237023
-0.019428,-0.018017,0.236965
-0.012144,-0.017433,0.236893
-0.004858,-0.016849,0.236821
0.002430,-0.016147,0.236734
0.009720,-0.015329,0.236633
0.017013,-0.014510,0.236531
0.024310,-0.013456,0.236401
0.031623,-0.010644,0.236054
0.038999,-0.001835,0.234965
-0.080445,-0.001924,0.231051
-0.072946,-0.013195,0.232454
-0.065596,-0.016939,0.232920
-0.058295,-0.017874,0.233037
-0.051000,-0.018575,0.233124
-0.043711,-0.018926,0.233167
-0.036425,-0.019043,0.233182
-0.029141,-0.018926,0.233167
-0.021858,-0.018459,0.233109
-0.014573,-0.017991,0.233051
-0.007287,-0.017524,0.232993
0.000000,-0.016588,0.232877
0.007290,-0.015887,0.232789
0.014583,-0.015068,0.232687
0.021879,-0.014249,0.232585
0.029185,-0.012141,0.232323
0.036529,-0.006392,0.231607
-0.083000,0.003645,0.226427
-0.075416,-0.011645,0.228344
-0.068042,-0.016562,0.228960
-0.060734,-0.017848,0.229121
-0.053436,-0.018666,0.229224
-0.046145,-0.019016,0.229268
-0.038857,-0.019250,0.229297
-0.031572,-0.019133,0.229282
-0.024288,-0.018900,0.229253
-0.017003,-0.018432,0.229195
-0.009717,-0.017848,0.229121
-0.002430,-0.017147,0.229033
0.004860,-0.016328,0.228931
0.012153,-0.015626,0.228843
0.019449,-0.014690,0.228725
0.026750,-0.013285,0.228549
0.034077,-0.009299,0.228050
0.041502,0.003882,0.226397
-0.080398,-0.005865,0.223696
-0.072946,-0.014546,0.224791
-0.065608,-0.017471,0.225161
-0.058307,-0.018289,0.225264
-0.051011,-0.018990,0.225352
-0.043719,-0.019458,0.225411
-0.036432,-0.019574,0.225426
-0.029146,-0.019458,0.225411
-0.021861,-0.019107,0.225367
-0.014576,-0.018523,0.225293
-0.007289,-0.017822,0.225205
0.000000,-0.017120,0.225116
0.007292,-0.016418,0.225028
0.014586,-0.015482,0.224910
0.021884,-0.014546,0.224791
0.029191,-0.012672,0.224555
0.036535,-0.007041,0.223844
-0.085555,0.008196,0.217983
-0.077890,-0.010652,0.220379
-0.070498,-0.016275,0.221094
-0.063180,-0.018029,0.221317
-0.055878,-0.018964,0.221436
-0.048584,-0.019432,0.221495
-0.041295,-0.019665,0.221525
-0.034005,-0.020016,0.221570
-0.026720,-0.019665,0.221525
-0.019435,-0.019198,0.221466
-0.012148,-0.018614,0.221391
-0.004860,-0.017912,0.221302
0.002430,-0.017211,0.221213
0.009724,-0.016392,0.221109
0.017020,-0.015456,0.220990
0.024321,-0.014285,0.220841
0.031635,-0.011707,0.220513
0.039009,-0.003367,0.219453
-0.082903,-0.003574,0.215551
-0.075412,-0.013907,0.216874
-0.068060,-0.017418,0.217323
-0.060753,-0.018470,0.217458
-0.053450,-0.019522,0.217593
-0.046159,-0.019756,0.217623
-0.038867,-0.020106,0.217668
-0.031580,-0.020106,0.217668
-0.024294,-0.019756,0.217623
-0.017007,-0.019405,0.217578
-0.009720,-0.018704,0.217488
-0.002430,-0.018237,0.217428
0.004862,-0.017184,0.217293
0.012156,-0.016599,0.217219
0.019454,-0.015429,0.217069
0.026757,-0.014258,0.216919
0.034086,-0.010155,0.216394
0.041509,0.002555,0.214767
-0.080371,-0.009423,0.212376
-0.072956,-0.015988,0.213222
-0.065629,-0.018093,0.213493
-0.058321,-0.019263,0.213644
-0.051024,-0.019847,0.213719
-0.043732,-0.020197,0.213765
-0.036442,-0.020314,0.213780
-0.029154,-0.020314,0.213780
-0.021867,-0.019964,0.213734
-0.014580,-0.019496,0.213674
-0.007291,-0.018795,0.213584
0.000000,-0.018210,0.213508
0.007293,-0.017275,0.213388
0.014590,-0.016339,0.213267
0.021891,-0.015168,0.213116
0.029199,-0.013411,0.212890
0.036546,-0.007779,0.212164
-0.088084,0.010420,0.205875
-0.080364,-0.010452,0.208584
-0.072960,-0.016429,0.209360
-0.065636,-0.018301,0.209603
-0.058329,-0.019353,0.209739
-0.051027,-0.020288,0.209861
-0.043734,-0.020639,0.209906
-0.036443,-0.020872,0.209936
-0.029157,-0.020522,0.209891
-0.021869,-0.020288,0.209861
-0.014581,-0.019704,0.209785
-0.007292,-0.019120,0.209709
0.000000,-0.018418,0.209618
0.007294,-0.017482,0.209496
0.014592,-0.016546,0.209375
0.021893,-0.015493,0.209238
0.029202,-0.013618,0.208995
0.036550,-0.007986,0.208264
-0.088011,0.006071,0.202499
-0.077881,-0.013826,0.205099
-0.070518,-0.017690,0.205604
-0.063207,-0.018860,0.205757
-0.055900,-0.019912,0.205894
-0.048602,-0.020496,0.205971
-0.041310,-0.020730,0.206001
-0.034018,-0.020963,0.206032
-0.026730,-0.020730,0.206001
-0.019441,-0.020379,0.205956
-0.012153,-0.019795,0.205879
-0.004862,-0.019210,0.205803
0.002431,-0.018392,0.205696
0.009727,-0.017573,0.205589
0.017026,-0.016520,0.205451
0.024330,-0.015232,0.205283
0.031648,-0.012653,0.204946
0.039022,-0.004547,0.203887
-0.085378,-0.004401,0.199935
-0.077883,-0.014385,0.201249
-0.070526,-0.017897,0.201711
-0.063212,-0.019184,0.201880
-0.055906,-0.020119,0.202003
-0.048608,-0.020704,0.202080
-0.041310,-0.021405,0.202172
-0.034021,-0.021288,0.202157
-0.026732,-0.021054,0.202126
-0.019443,-0.020704,0.202080
-0.012153,-0.020236,0.202019
-0.004862,-0.019535,0.201926
0.002431,-0.018716,0.201819
0.009728,-0.017897,0.201711
0.017028,-0.016844,0.201572
0.024333,-0.015439,0.201387
0.031651,-0.012861,0.201048
0.039027,-0.004754,0.199982
-0.085364,-0.005785,0.196185
-0.077886,-0.014944,0.197398
-0.070531,-0.018222,0.197832
-0.063217,-0.019509,0.198003
-0.055912,-0.020327,0.198111
-0.048611,-0.021029,0.198204
-0.041316,-0.021379,0.198251
-0.034024,-0.021496,0.198266
-0.026734,-0.021379,0.198251
-0.019445,-0.021029,0.198204
-0.012154,-0.020561,0.198142
-0.004862,-0.019860,0.198049
0.002432,-0.019041,0.197941
0.009728,-0.018222,0.197832
0.017029,-0.017169,0.197693
0.024335,-0.015647,0.197491
0.031654,-0.013068,0.197150
0.039031,-0.004961,0.196076
-0.090581,0.010188,0.190122
-0.082846,-0.010694,0.192906
-0.075432,-0.016791,0.193719
-0.068099,-0.018898,0.194000
-0.060787,-0.020067,0.194156
-0.053484,-0.020769,0.194250
-0.046185,-0.021353,0.194328
-0.038889,-0.021704,0.194374
-0.031597,-0.021704,0.194374
-0.024306,-0.021587,0.194359
-0.017016,-0.021236,0.194312
-0.009725,-0.020652,0.194234
-0.002432,-0.019951,0.194141
0.004864,-0.019483,0.194078
0.012163,-0.018079,0.193891
0.019466,-0.016908,0.193735
0.026775,-0.015386,0.193532
0.034108,-0.011398,0.193000
0.041529,0.000608,0.191399
-0.087889,-0.002783,0.187914
-0.080360,-0.014069,0.189429
-0.072989,-0.018053,0.189964
-0.065669,-0.019457,0.190152
-0.058358,-0.020509,0.190294
-0.051055,-0.021211,0.190388
-0.043756,-0.021795,0.190466
-0.036461,-0.022029,0.190497
-0.029169,-0.022029,0.190497
-0.021878,-0.021795,0.190466
-0.014587,-0.021327,0.190403
-0.007295,-0.020626,0.190309
0.000000,-0.019925,0.190215
0.007297,-0.018989,0.190089
0.014598,-0.017935,0.189948
0.021902,-0.016882,0.189807
0.029218,-0.014655,0.189508
0.036569,-0.009021,0.188751
0.044114,0.014254,0.185627
-0.085341,-0.008993,0.184815
-0.077896,-0.016387,0.185814
-0.070550,-0.019080,0.186178
-0.063237,-0.020132,0.186320
-0.055930,-0.020951,0.186430
-0.048627,-0.021652,0.186525
-0.041328,-0.022120,0.186588
-0.034034,-0.022237,0.186604
-0.026741,-0.022237,0.186604
-0.019449,-0.022120,0.186588
-0.012157,-0.021419,0.186494
-0.004864,-0.020717,0.186399
0.002432,-0.019782,0.186272
0.009731,-0.018963,0.186162
0.017034,-0.017792,0.186004
0.024343,-0.016269,0.185798
0.031665,-0.013573,0.185434
0.039044,-0.005464,0.184338
-0.087861,-0.005554,0.180413
-0.080364,-0.015188,0.181723
-0.073002,-0.018585,0.182185
-0.065683,-0.019872,0.182360
-0.058368,-0.021159,0.182535
-0.051065,-0.021743,0.182615
-0.043765,-0.022211,0.182678
-0.036469,-0.022445,0.182710
-0.029175,-0.022445,0.182710
-0.021883,-0.022211,0.182678
-0.014590,-0.021860,0.182631
-0.007296,-0.021159,0.182535
0.000000,-0.020457,0.182440
0.007299,-0.019521,0.182313
0.014601,-0.018468,0.182169
0.021908,-0.017063,0.181978
0.029224,-0.015071,0.181707
0.036578,-0.009318,0.180925
-0.090417,-0.000573,0.175792
-0.082844,-0.013519,0.177565
-0.075452,-0.018325,0.178223
-0.068128,-0.019729,0.178415
-0.060814,-0.020782,0.178559
-0.053505,-0.021718,0.178687
-0.046203,-0.022302,0.178767
-0.038905,-0.022653,0.178815
-0.031609,-0.022770,0.178831
-0.024315,-0.022653,0.178815
-0.017022,-0.022302,0.178767
-0.009728,-0.021601,0.178671
-0.002432,-0.021016,0.178591
0.004866,-0.020080,0.178463
0.012168,-0.019027,0.178319
0.019474,-0.017739,0.178142
0.026786,-0.016216,0.177934
0.034123,-0.012110,0.177372
0.041549,0.000017,0.175712
-0.087847,-0.007616,0.172819
-0.080371,-0.016190,0.174000
-0.073018,-0.019001,0.174388
-0.065695,-0.020405,0.174581
-0.058383,-0.021341,0.174710
-0.051077,-0.022043,0.174807
-0.043775,-0.022627,0.174887
-0.036476,-0.022978,0.174936
-0.029180,-0.023095,0.174952
-0.021886,-0.022861,0.174919
-0.014593,-0.022277,0.174839
-0.007297,-0.021692,0.174758
0.000000,-0.020873,0.174646
0.007300,-0.019937,0.174517
0.014604,-0.018884,0.174371
0.021913,-0.017479,0.174178
0.029230,-0.015486,0.173903
0.036587,-0.009498,0.173078
-0.093027,0.005989,0.166993
-0.085334,-0.012056,0.169495
-0.077919,-0.017804,0.170293
-0.070584,-0.019677,0.170552
-0.063264,-0.020964,0.170731
-0.055952,-0.021900,0.170861
-0.048646,-0.022602,0.170958
-0.041344,-0.023186,0.171039
-0.034047,-0.023303,0.171055
-0.026752,-0.023186,0.171039
-0.019457,-0.022952,0.171007
-0.012162,-0.022368,0.170926
-0.004866,-0.021783,0.170844
0.002433,-0.021081,0.170747
0.009735,-0.019911,0.170585
0.017042,-0.018624,0.170406
0.024353,-0.017101,0.170195
0.031680,-0.014286,0.169805
0.039065,-0.005822,0.168631
-0.087838,-0.009442,0.165194
-0.080379,-0.017074,0.166260
-0.073033,-0.019417,0.166587
-0.065709,-0.020822,0.166783
-0.058396,-0.021757,0.166913
-0.051087,-0.022576,0.167028
-0.043783,-0.023161,0.167109
-0.036483,-0.023511,0.167158
-0.029186,-0.023511,0.167158
-0.021891,-0.023277,0.167125
-0.014595,-0.022810,0.167060
-0.007299,-0.022225,0.166979
0.000000,-0.021524,0.166881
0.007302,-0.020471,0.166734
0.014607,-0.019300,0.166570
0.021918,-0.017894,0.166374
0.029237,-0.015784,0.166080
0.036595,-0.009913,0.165260
-0.092968,0.001789,0.159677
-0.085337,-0.013293,0.161795
-0.077933,-0.018337,0.162504
-0.070599,-0.020093,0.162751
-0.063279,-0.021264,0.162915
-0.055964,-0.022317,0.163063
-0.048657,-0.023018,0.163161
-0.041354,-0.023486,0.163227
-0.034054,-0.023719,0.163260
-0.026757,-0.023719,0.163260
-0.019461,-0.023486,0.163227
-0.012164,-0.022901,0.163145
-0.004866,-0.022317,0.163063
0.002434,-0.021615,0.162964
0.009737,-0.020328,0.162784
0.017045,-0.019157,0.162619
0.024359,-0.017516,0.162389
0.031686,-0.014702,0.161993
0.039074,-0.006118,0.160788
-0.090362,-0.006679,0.156923
-0.082859,-0.016083,0.158252
-0.075492,-0.019365,0.158716
-0.068164,-0.020770,0.158915
-0.060845,-0.021940,0.159080
-0.053534,-0.022759,0.159196
-0.046226,-0.023460,0.159295
-0.038924,-0.023811,0.159345
-0.031625,-0.023928,0.159361
-0.024327,-0.023928,0.159361
-0.017030,-0.023577,0.159312
-0.009733,-0.022993,0.159229
-0.002434,-0.022291,0.159130
0.004868,-0.021355,0.158997
0.012174,-0.020184,0.158832
0.019484,-0.018779,0.158633
0.026801,-0.017138,0.158401
0.034144,-0.012796,0.157788
0.041582,0.000164,0.155956
-0.087836,-0.011594,0.153677
-0.080401,-0.017932,0.154579
-0.073056,-0.020041,0.154879
-0.065732,-0.021329,0.155062
-0.058414,-0.022382,0.155212
-0.051103,-0.023201,0.155328
-0.043794,-0.024019,0.155445
-0.036494,-0.024136,0.155461
-0.029195,-0.024253,0.155478
-0.021897,-0.024019,0.155445
-0.014599,-0.023902,0.155428
-0.007301,-0.022967,0.155295
0.000000,-0.022265,0.155195
0.007304,-0.021212,0.155046
0.014612,-0.019924,0.154862
0.021925,-0.018401,0.154646
0.029247,-0.016291,0.154345
0.036610,-0.010183,0.153477
-0.092921,-0.002494,0.148433
-0.085344,-0.014973,0.150220
-0.077954,-0.019195,0.150824
-0.070619,-0.020835,0.151059
-0.063297,-0.022006,0.151226
-0.055982,-0.022941,0.151360
-0.048672,-0.023643,0.151461
-0.041366,-0.024228,0.151544
-0.034064,-0.024462,0.151578
-0.026764,-0.024578,0.151594
-0.019466,-0.024228,0.151544
-0.012168,-0.023643,0.151461
-0.004868,-0.023058,0.151377
0.002434,-0.022123,0.151243
0.009740,-0.021069,0.151092
0.017050,-0.019781,0.150908
0.024366,-0.018258,0.150690
0.031698,-0.015091,0.150236
0.039092,-0.006151,0.148957
-0.087838,-0.012832,0.145971
-0.080413,-0.018583,0.146800
-0.073070,-0.020575,0.147087
-0.065744,-0.021863,0.147272
-0.058427,-0.022799,0.147407
-0.051114,-0.023618,0.147525
-0.043804,-0.024436,0.147643
-0.036502,-0.024553,0.147660
-0.029201,-0.024670,0.147676
-0.021901,-0.024553,0.147660
-0.014602,-0.024202,0.147609
-0.007302,-0.023735,0.147542
0.000000,-0.022682,0.147390
0.007305,-0.021629,0.147238
0.014614,-0.020458,0.147070
0.021930,-0.018817,0.146834
0.029254,-0.016707,0.146530
0.036619,-0.010480,0.145633
-0.090352,-0.009864,0.141598
-0.082877,-0.017853,0.142756
-0.075524,-0.020197,0.143096
-0.068193,-0.021603,0.143300
-0.060871,-0.022773,0.143469
-0.053556,-0.023592,0.143588
-0.046246,-0.024294,0.143690
-0.038940,-0.024762,0.143757
-0.031637,-0.024995,0.143791
-0.021904,-0.024762,0.143757
-0.014604,-0.024411,0.143707
-0.007303,-0.023709,0.143605
0.000000,-0.022890,0.143486
0.007306,-0.022071,0.143368
0.014616,-0.020549,0.143147
0.021933,-0.018908,0.142909
0.029258,-0.016797,0.142603
0.036625,-0.010335,0.141667
-0.095516,0.002441,0.135858
-0.087845,-0.013835,0.138231
-0.080428,-0.019117,0.139001
-0.073086,-0.020992,0.139274
-0.065758,-0.022280,0.139462
-0.058436,-0.023450,0.139633
-0.051123,-0.024152,0.139735
-0.043812,-0.024970,0.139854
-0.036509,-0.025087,0.139872
-0.029206,-0.025321,0.139906
-0.021906,-0.024970,0.139854
-0.014605,-0.024619,0.139803
-0.007304,-0.024035,0.139718
0.000000,-0.023099,0.139582
0.007307,-0.022045,0.139428
0.014618,-0.020757,0.139240
0.021935,-0.019117,0.139001
0.029261,-0.017006,0.138693
0.036630,-0.010425,0.137734
-0.095501,0.001050,0.132103
-0.087850,-0.014278,0.134351
-0.080437,-0.019325,0.135092
-0.073093,-0.021200,0.135367
-0.065761,-0.022722,0.135590
-0.058445,-0.023424,0.135693
-0.051127,-0.024477,0.135848
-0.043816,-0.025179,0.135951
-0.036513,-0.025296,0.135968
-0.029209,-0.025413,0.135985
-0.021908,-0.025179,0.135951
-0.014606,-0.024945,0.135916
-0.007304,-0.024243,0.135813
0.000000,-0.023307,0.135676
0.007308,-0.022254,0.135522
0.014619,-0.020966,0.135333
0.021937,-0.019325,0.135092
0.029264,-0.017214,0.134782
0.036636,-0.010397,0.133782
-0.095491,-0.000103,0.128314
-0.087852,-0.014839,0.130489
-0.080443,-0.019650,0.131199
-0.073101,-0.021408,0.131459
-0.065772,-0.022696,0.131649
-0.058447,-0.023984,0.131839
-0.051134,-0.024569,0.131925
-0.043823,-0.025154,0.132011
-0.036517,-0.025504,0.132063
-0.029211,-0.025855,0.132115
-0.021911,-0.025387,0.132046
-0.014608,-0.025037,0.131994
-0.007305,-0.024452,0.131908
0.000000,-0.023867,0.131822
0.007308,-0.022579,0.131632
0.014621,-0.021174,0.131424
0.021940,-0.019533,0.131182
0.029268,-0.017305,0.130853
0.036640,-0.010605,0.129864
-0.092893,-0.007868,0.125508
-0.085375,-0.017395,0.126923
-0.078001,-0.020562,0.127393
-0.070664,-0.022085,0.127619
-0.063337,-0.023256,0.127793
-0.056016,-0.024310,0.127949
-0.048702,-0.025011,0.128054
-0.041392,-0.025479,0.128123
-0.034085,-0.025830,0.128175
-0.026782,-0.025713,0.128158
-0.019478,-0.025713,0.128158
-0.012175,-0.025128,0.128071
-0.004871,-0.024427,0.127967
0.002436,-0.023490,0.127828
0.009746,-0.022320,0.127654
0.017061,-0.020914,0.127445
0.024383,-0.019273,0.127201
0.031722,-0.015869,0.126696
0.039132,-0.005745,0.125193
-0.090360,-0.012904,0.122307
-0.082916,-0.019129,0.123237
-0.075562,-0.021357,0.123570
-0.068228,-0.022762,0.123780
-0.060901,-0.023933,0.123955
-0.053583,-0.024752,0.124077
-0.046270,-0.025337,0.124164
-0.038960,-0.025805,0.124234
-0.031654,-0.026039,0.124269
-0.024348,-0.026156,0.124287
-0.017046,-0.025688,0.124217
-0.009742,-0.025103,0.124129
-0.002436,-0.024284,0.124007
0.004873,-0.023348,0.123867
0.012185,-0.022060,0.123675
0.019503,-0.020536,0.123447
0.026828,-0.018777,0.123184
0.034184,-0.013727,0.122430
-0.098162,0.007927,0.115226
-0.090367,-0.013229,0.118406
-0.082923,-0.019455,0.119341
-0.075570,-0.021565,0.119659
-0.068237,-0.022854,0.119852
-0.060909,-0.024025,0.120028
-0.053590,-0.024844,0.120151
-0.046275,-0.025546,0.120257
-0.038964,-0.026014,0.120327
-0.031657,-0.026248,0.120362
-0.024352,-0.026131,0.120345
-0.017047,-0.025897,0.120309
-0.009743,-0.025312,0.120222
-0.002436,-0.024493,0.120098
0.004873,-0.023556,0.119958
0.012187,-0.022268,0.119764
0.019506,-0.020745,0.119535
0.026832,-0.018868,0.119253
0.034187,-0.013935,0.118512
0.041676,0.003419,0.115904
-0.092896,-0.009788,0.113934
-0.085396,-0.018372,0.115232
-0.078028,-0.021070,0.115640
-0.070687,-0.022711,0.115888
-0.063358,-0.023882,0.116065
-0.056035,-0.024819,0.116207
-0.048717,-0.025638,0.116331
-0.041405,-0.026106,0.116401
-0.034096,-0.026456,0.116454
-0.026790,-0.026340,0.116437
-0.019485,-0.026106,0.116401
-0.012179,-0.025638,0.116331
-0.004873,-0.024936,0.116225
0.002437,-0.023999,0.116083
0.009749,-0.023062,0.115941
0.017067,-0.021422,0.115693
0.024390,-0.019898,0.115463
0.031734,-0.016259,0.114913
0.039153,-0.005423,0.113275
-0.092898,-0.010349,0.110065
-0.085403,-0.018698,0.111334
-0.078037,-0.021279,0.111727
-0.070691,-0.023154,0.112012
-0.063361,-0.024325,0.112190
-0.056037,-0.025379,0.112350
-0.048722,-0.025847,0.112421
-0.041409,-0.026431,0.112510
-0.034099,-0.026665,0.112546
-0.026792,-0.026665,0.112546
-0.019486,-0.026431,0.112510
-0.012180,-0.025964,0.112439
-0.004873,-0.025261,0.112332
0.002437,-0.024208,0.112172
0.009750,-0.023154,0.112012
0.017069,-0.021748,0.111798
0.024394,-0.019989,0.111531
0.031738,-0.016350,0.110977
0.039162,-0.005041,0.109257
-0.095462,-0.005485,0.105365
-0.087887,-0.017145,0.107148
-0.080492,-0.021019,0.107741
-0.073144,-0.022894,0.108028
-0.065814,-0.023948,0.108189
-0.058487,-0.025002,0.108350
-0.051167,-0.025821,0.108475
-0.043851,-0.026406,0.108565
-0.036540,-0.026757,0.108619
-0.029231,-0.026874,0.108636
-0.021924,-0.026757,0.108619
-0.014618,-0.026289,0.108547
-0.007310,-0.025704,0.108457
0.000000,-0.024885,0.108332
0.007313,-0.023948,0.108189
0.014630,-0.022425,0.107956
0.021954,-0.020784,0.107705
0.029289,-0.018202,0.107310
0.036677,-0.010203,0.106086
-0.098096,0.002235,0.100215
-0.090388,-0.014885,0.102849
-0.082956,-0.020406,0.103699
-0.075598,-0.022634,0.104042
-0.068266,-0.023689,0.104204
-0.060935,-0.024860,0.104384
-0.053612,-0.025796,0.104528
-0.046294,-0.026498,0.104636
-0.038980,-0.026966,0.104708
-0.031670,-0.027083,0.104726
-0.024361,-0.027317,0.104762
-0.017055,-0.026732,0.104672
-0.009747,-0.026147,0.104582
-0.002437,-0.025328,0.104456
0.004875,-0.024391,0.104312
0.012192,-0.023103,0.104114
0.019514,-0.021579,0.103879
0.026844,-0.019585,0.103572
0.034209,-0.013826,0.102686
0.041730,0.006387,0.099576
-0.092911,-0.011798,0.098417
-0.085425,-0.019559,0.099618
-0.078060,-0.022022,0.100000
-0.070717,-0.023546,0.100235
-0.063385,-0.024717,0.100417
-0.056059,-0.025654,0.100562
-0.048738,-0.026473,0.100688
-0.041422,-0.027058,0.100779
-0.034110,-0.027292,0.100815
-0.026801,-0.027292,0.100815
-0.019493,-0.027058,0.100779
-0.012184,-0.026824,0.100743
-0.004874,-0.025888,0.100598
0.002438,-0.024952,0.100453
0.009754,-0.023663,0.100253
0.017074,-0.022374,0.100054
0.024401,-0.020615,0.099782
0.031751,-0.016622,0.099164
-0.098083,0.000280,0.092579
-0.090401,-0.015655,0.095059
-0.082971,-0.020941,0.095882
-0.075618,-0.022817,0.096174
-0.068280,-0.024106,0.096375
-0.060948,-0.025278,0.096557
-0.053623,-0.026214,0.096703
-0.046304,-0.026916,0.096812
-0.038988,-0.027384,0.096885
-0.031676,-0.027618,0.096921
-0.024367,-0.027501,0.096903
-0.017058,-0.027150,0.096849
-0.009749,-0.026565,0.096758
-0.002438,-0.025746,0.096630
0.004877,-0.024692,0.096466
0.012195,-0.023520,0.096284
0.019519,-0.021879,0.096028
0.026850,-0.019885,0.095718
0.034220,-0.013772,0.094766
-0.098078,-0.000638,0.088752
-0.090408,-0.015981,0.091154
-0.082980,-0.021150,0.091963
-0.075626,-0.023026,0.092257
-0.068286,-0.024432,0.092477
-0.060955,-0.025487,0.092642
-0.053629,-0.026423,0.092789
-0.046307,-0.027242,0.092917
-0.038992,-0.027593,0.092972
-0.031680,-0.027827,0.093009
-0.024370,-0.027710,0.092990
-0.017060,-0.027359,0.092936
-0.009750,-0.026774,0.092844
-0.002438,-0.025955,0.092716
0.004877,-0.024901,0.092551
0.012196,-0.023612,0.092349
0.019521,-0.022088,0.092110
0.026853,-0.020093,0.091798
0.034224,-0.013980,0.090841
-0.098075,-0.001438,0.084908
-0.090413,-0.016424,0.087267
-0.082989,-0.021358,0.088044
-0.075630,-0.023469,0.088376
-0.068291,-0.024759,0.088579
-0.060961,-0.025696,0.088727
-0.053633,-0.026749,0.088893
-0.046312,-0.027452,0.089003
-0.038996,-0.027920,0.089077
-0.031683,-0.028037,0.089095
-0.024372,-0.028037,0.089095
-0.017061,-0.027686,0.089040
-0.009751,-0.027101,0.088948
-0.002438,-0.026281,0.088819
0.004877,-0.025227,0.088653
0.012197,-0.023938,0.088450
0.019523,-0.022297,0.088192
0.026856,-0.020302,0.087878
0.034230,-0.013836,0.086859
-0.098078,-0.002001,0.081025
-0.090415,-0.016986,0.083398
-0.082996,-0.021684,0.084142
-0.075640,-0.023561,0.084439
-0.068297,-0.025085,0.084680
-0.060966,-0.026022,0.084829
-0.053639,-0.026959,0.084977
-0.046317,-0.027661,0.085088
-0.038999,-0.028246,0.085181
-0.031686,-0.028363,0.085200
-0.024374,-0.028246,0.085181
-0.017063,-0.027895,0.085125
-0.009752,-0.027310,0.085033
-0.002438,-0.026490,0.084903
0.004878,-0.025436,0.084736
0.012198,-0.024147,0.084532
0.019525,-0.022506,0.084272
0.026859,-0.020393,0.083938
0.034236,-0.013808,0.082895
-0.095480,-0.009419,0.078235
-0.087939,-0.019310,0.079810
-0.080546,-0.022832,0.080370
-0.073200,-0.024239,0.080595
-0.065861,-0.025528,0.080800
-0.058528,-0.026699,0.080986
-0.051202,-0.027519,0.081117
-0.043880,-0.028221,0.081229
-0.036564,-0.028572,0.081285
-0.029251,-0.028572,0.081285
-0.021939,-0.028455,0.081266
-0.014628,-0.027987,0.081191
-0.007315,-0.027402,0.081098
0.000000,-0.026465,0.080949
0.007318,-0.025294,0.080762
0.014640,-0.024122,0.080576
0.021969,-0.022480,0.080314
0.029314,-0.019193,0.079791
0.036726,-0.009065,0.078178
-0.095485,-0.009863,0.074339
-0.087946,-0.019636,0.075904
-0.080559,-0.022806,0.076412
-0.073208,-0.024448,0.076675
-0.065868,-0.025737,0.076881
-0.058534,-0.026909,0.077069
-0.051206,-0.027845,0.077219
-0.043885,-0.028430,0.077312
-0.036568,-0.028781,0.077369
-0.029254,-0.028898,0.077387
-0.021941,-0.028664,0.077350
-0.014629,-0.028313,0.077294
-0.007315,-0.027845,0.077219
0.000000,-0.026674,0.077031
0.007319,-0.025503,0.076844
0.014642,-0.024214,0.076637
0.021972,-0.022454,0.076355
0.029318,-0.019284,0.075848
0.036734,-0.008801,0.074169
-0.092953,-0.014552,0.071127
-0.085482,-0.021372,0.072225
-0.078114,-0.023719,0.072603
-0.070768,-0.025126,0.072830
-0.063428,-0.026415,0.073037
-0.056096,-0.027469,0.073207
-0.048768,-0.028523,0.073377
-0.041449,-0.028874,0.073433
-0.034133,-0.029108,0.073471
-0.026819,-0.029108,0.073471
-0.019505,-0.029108,0.073471
-0.012192,-0.028406,0.073358
-0.004878,-0.027586,0.073226
0.002439,-0.026532,0.073056
0.009760,-0.025478,0.072886
0.017087,-0.023719,0.072603
0.024420,-0.021959,0.072320
0.031782,-0.017024,0.071525
-0.200000,-0.200000,0.400000
-0.200000,-0.100000,0.400000
-0.200000,0.000000,0.400000
-0.200000,0.100000,0.400000
-0.200000,0.200000,0.400000
-0.100000,-0.200000,0.400000
-0.100000,-0.100000,0.400000
-0.100000,0.000000,0.400000
-0.100000,0.100000,0.400000
-0.100000,0.200000,0.400000
0.000000,-0.200000,0.400000
0.000000,-0.100000,0.400000
0.000000,0.000000,0.400000
0.000000,0.100000,0.400000
0.000000,0.200000,0.400000
0.100000,-0.200000,0.400000
0.100000,-0.100000,0.400000
0.100000,0.000000,0.400000
0.100000,0.100000,0.400000
0.100000,0.200000,0.400000
0.200000,-0.200000,0.400000
0.200000,-0.100000,0.400000
0.200000,0.000000,0.400000
0.200000,0.100000,0.400000
0.200000,0.200000,0.400000
-0.200000,-0.200000,0.050000
-0.200000,-0.100000,0.050000
-0.200000,0.000000,0.050000
-0.200000,0.100000,0.050000
-0.200000,0.200000,0.050000
-0.100000,-0.200000,0.050000
-0.100000,-0.100000,0.050000
-0.100000,0.000000,0.050000
-0.100000,0.100000,0.050000
-0.100000,0.200000,0.050000
0.000000,-0.200000,0.050000
0.000000,-0.100000,0.050000
0.000000,0.000000,0.050000
0.000000,0.100000,0.050000
0.000000,0.200000,0.050000
0.100000,-0.200000,0.050000
0.100000,-0.100000,0.050000
0.100000,0.000000,0.050000
0.100000,0.100000,0.050000
0.100000,0.200000,0.050000
0.200000,-0.200000,0.050000
0.200000,-0.100000,0.050000
0.200000,0.000000,0.050000
0.200000,0.100000,0.050000
0.200000,0.200000,0.050000
-0.200000,-0.200000,0.050000
-0.200000,-0.200000,0.137500
-0.200000,-0.200000,0.225000
-0.200000,-0.200000,0.312500
-0.200000,-0.200000,0.400000
-0.100000,-0.200000,0.050000
-0.100000,-0.200000,0.137500
-0.100000,-0.200000,0.225000
-0.100000,-0.200000,0.312500
-0.100000,-0.200000,0.400000
0.000000,-0.200000,0.050000
0.000000,-0.200000,0.137500
0.000000,-0.200000,0.225000
0.000000,-0.200000,0.312500
0.000000,-0.200000,0.400000
0.100000,-0.200000,0.050000
0.100000,-0.200000,0.137500
0.100000,-0.200000,0.225000
0.100000,-0.200000,0.312500
0.100000,-0.200000,0.400000
0.200000,-0.200000,0.050000
0.200000,-0.200000,0.137500
0.200000,-0.200000,0.225000
0.200000,-0.200000,0.312500
0.200000,-0.200000,0.400000
-0.200000,0.200000,0.050000
-0.200000,0.200000,0.137500
-0.200000,0.200000,0.225000
-0.200000,0.200000,0.312500
-0.200000,0.200000,0.400000
-0.100000,0.200000,0.050000
-0.100000,0.200000,0.137500
-0.100000,0.200000,0.225000
-0.100000,0.200000,0.312500
-0.100000,0.200000,0.400000
0.000000,0.200000,0.050000
0.000000,0.200000,0.137500
0.000000,0.200000,0.225000
0.000000,0.200000,0.312500
0.000000,0.200000,0.400000
0.100000,0.200000,0.050000
0.100000,0.200000,0.137500
0.100000,0.200000,0.225000
0.100000,0.200000,0.312500
0.100000,0.200000,0.400000
0.200000,0.200000,0.050000
0.200000,0.200000,0.137500
0.200000,0.200000,0.225000
0.200000,0.200000,0.312500
0.200000,0.200000,0.400000
-0.200000,-0.200000,0.050000
-0.200000,-0.200000,0.137500
-0.200000,-0.200000,0.225000
-0.200000,-0.200000,0.312500
-0.200000,-0.200000,0.400000
-0.200000,-0.100000,0.050000
-0.200000,-0.100000,0.137500
-0.200000,-0.100000,0.225000
-0.200000,-0.100000,0.312500
-0.200000,-0.100000,0.400000
-0.200000,0.000000,0.050000
-0.200000,0.000000,0.137500
-0.200000,0.000000,0.225000
-0.200000,0.000000,0.312500
-0.200000,0.000000,0.400000
-0.200000,0.100000,0.050000
-0.200000,0.100000,0.137500
-0.200000,0.100000,0.225000
-0.200000,0.100000,0.312500
-0.200000,0.100000,0.400000
-0.200000,0.200000,0.050000
-0.200000,0.200000,0.137500
-0.200000,0.200000,0.225000
-0.200000,0.200000,0.312500
-0.200000,0.200000,0.400000
0.200000,-0.200000,0.050000
0.200000,-0.200000,0.137500
0.200000,-0.200000,0.225000
0.200000,-0.200000,0.312500
0.200000,-0.200000,0.400000
0.200000,-0.100000,0.050000
0.200000,-0.100000,0.137500
0.200000,-0.100000,0.225000
0.200000,-0.100000,0.312500
0.200000,-0.100000,0.400000
0.200000,0.000000,0.050000
0.200000,0.000000,0.137500
0.200000,0.000000,0.225000
0.200000,0.000000,0.312500
0.200000,0.000000,0.400000
0.200000,0.100000,0.050000
0.200000,0.100000,0.137500
0.200000,0.100000,0.225000
0.200000,0.100000,0.312500
0.200000,0.100000,0.400000
0.200000,0.200000,0.050000
0.200000,0.200000,0.137500
0.200000,0.200000,0.225000
0.200000,0.200000,0.312500
0.200000,0.200000,0.400000
-0.022259,-0.016684,0.205644
-0.044798,0.009775,0.303110
-0.046650,0.011867,0.303194
0.034547,0.004879,0.227161
0.034871,0.006222,0.226853
-0.063369,-0.001563,0.239029
-0.064317,-0.000400,0.239026
-0.054972,-0.005850,0.300342
-0.056356,-0.004746,0.300462
0.035127,0.006664,0.219291
0.035461,0.008467,0.218877
-0.068764,-0.012264,0.233798
-0.069841,-0.011341,0.233844
-0.058204,-0.008979,0.293010
-0.059529,-0.007903,0.293150
0.039037,0.006088,0.208902
0.038729,0.004798,0.209198
-0.070241,-0.009491,0.225113
-0.071222,-0.008476,0.225145
-0.058998,-0.012830,0.264362
-0.060292,-0.012150,0.264538
0.042695,0.009898,0.178446
0.038914,0.011209,0.178300
-0.068559,-0.005640,0.194169
-0.069612,-0.004782,0.194217
-0.058129,-0.007409,0.282133
-0.059354,-0.006417,0.282280
0.038636,0.006069,0.197827
0.038284,0.004597,0.198155
-0.069622,-0.006138,0.213966
-0.070552,-0.004959,0.213975
-0.054823,-0.009917,0.299182
-0.053558,-0.010670,0.298797
0.040107,0.008507,0.202334
0.040261,0.009815,0.202054
-0.071887,-0.011485,0.208191
-0.065368,-0.000784,0.206806
-0.061138,-0.011039,0.280789
-0.062239,-0.010159,0.280936
0.037917,0.002887,0.195469
0.037427,0.001193,0.195856
-0.075865,-0.011020,0.213524
-0.076872,-0.009693,0.213534
-0.058894,-0.008529,0.283308
-0.060007,-0.007635,0.283447
0.038178,0.002854,0.199148
0.037708,0.001229,0.199526
-0.076368,-0.012777,0.217352
-0.077297,-0.011644,0.217374
-0.062387,-0.010621,0.287754
-0.063998,-0.009192,0.287960
0.039334,0.000780,0.201931
0.039800,0.002405,0.201568
-0.067764,-0.002599,0.216971
-0.068617,-0.001304,0.216960
-0.051000,-0.002865,0.320713
-0.052020,-0.001901,0.320744
0.035233,0.010364,0.264366
0.035485,0.012734,0.263831
-0.062337,-0.008984,0.276920
-0.063757,-0.007747,0.276943
-0.053336,-0.006363,0.321263
-0.054683,-0.005303,0.321143
0.035249,0.010467,0.262120
0.035479,0.012698,0.261614
-0.062747,-0.009739,0.274893
-0.064321,-0.008393,0.274922
-0.067255,0.048509,0.204788
-0.060262,0.050371,0.206000
0.037444,0.013764,0.288672
0.036832,0.010395,0.289245
-0.042349,0.020858,0.295278
-0.043580,0.018953,0.295697
-0.067217,0.048462,0.205085
-0.060212,0.050326,0.206306
0.037458,0.013746,0.288676
0.036857,0.010374,0.289251
-0.050922,0.027611,0.294591
-0.051697,0.026512,0.294825
-0.067191,0.048526,0.205772
-0.059270,0.050619,0.207132
0.044136,0.015793,0.289763
0.044048,0.014278,0.289866
-0.040923,0.020039,0.296190
-0.042138,0.018137,0.296605
-0.066846,0.048262,0.208802
-0.059708,0.050175,0.210029
0.037653,0.013780,0.288720
0.037016,0.010408,0.289287
-0.054285,0.032758,0.296875
-0.055173,0.031717,0.297095
-0.057910,-0.008700,0.322257
-0.059240,-0.007499,0.322263
0.039116,0.012101,0.254785
0.038928,0.010549,0.255125
-0.058682,-0.000642,0.266895
-0.060032,0.000869,0.266873
-0.068335,0.049420,0.194861
-0.061481,0.051236,0.196041
0.040086,0.014663,0.283935
0.040188,0.017347,0.283429
-0.041255,0.020003,0.286601
-0.042401,0.018228,0.287007
-0.068288,0.049410,0.195326
-0.061653,0.051175,0.196464
0.040127,0.014651,0.284385
0.040228,0.017347,0.283876
-0.042421,0.020569,0.287043
-0.043596,0.018779,0.287451
-0.078413,0.057703,0.124874
-0.079752,0.057201,0.124606
0.036252,0.026887,0.209842
0.036674,0.024186,0.210137
-0.066310,0.038703,0.215994
-0.043560,0.020664,0.212227
-0.066417,0.050313,0.220608
-0.062622,0.051288,0.221744
0.049801,0.067622,0.304047
-0.049639,0.047587,0.306176
-0.047876,0.048243,0.306493
-0.040976,0.052416,0.315315
-0.039396,0.052819,0.315476
-0.055114,-0.025326,0.182560
-0.053158,-0.025594,0.183081
-0.054355,0.060292,0.143228
-0.052338,0.060553,0.142198
-0.026494,0.047596,0.118153
0.068610,0.075336,0.191700
-0.017279,0.031335,0.195135
-0.064000,-0.013454,0.196752
-0.058540,-0.015185,0.195585
0.035727,0.013739,0.106922
0.035830,0.017146,0.106286
-0.075920,-0.011282,0.127901
-0.077279,-0.010558,0.128103
-0.089563,-0.028175,0.044680
-0.088048,-0.028651,0.045742
-0.013708,0.059160,0.142467
-0.015972,0.059290,0.141863
-0.078371,-0.019961,0.129412
-0.077528,-0.019826,0.134116
-0.072121,0.037090,0.213303
-0.072519,0.035940,0.214075
0.038985,0.023171,0.287716
0.039149,0.021667,0.287572
-0.057798,0.027028,0.293556
-0.058309,0.025768,0.293839
-0.072476,0.061047,0.066887
-0.071144,0.061272,0.066903
0.038427,0.003833,0.136464
0.038115,0.002478,0.136673
-0.068859,0.051699,0.137155
-0.073272,0.050431,0.137269
-0.072441,0.048597,0.130357
-0.074071,0.048104,0.129952
0.038048,0.033926,0.222627
0.038590,0.032144,0.223039
-0.079269,0.041004,0.199103
-0.069029,0.055494,0.047395
-0.066503,0.055736,0.047687
0.040380,0.019131,0.122665
0.040342,0.017589,0.122874
-0.069639,0.055529,0.116513
-0.075254,0.053923,0.116120
-0.031065,0.198506,-0.025382
0.031395,0.042405,0.086447
0.032223,0.040601,0.086805
-0.075433,0.031660,0.071442
-0.075723,0.030295,0.071501
-0.045556,0.001046,0.338090
-0.046499,0.002484,0.338632
0.039156,0.007385,0.231824
0.039405,0.009059,0.231524
-0.071161,-0.014697,0.184663
-0.069751,-0.015121,0.185266
-0.048220,-0.012753,0.328246
-0.049699,-0.011793,0.328353
0.041748,0.016919,0.275268
0.041762,0.018251,0.275071
-0.049896,-0.010509,0.279540
-0.052219,-0.009654,0.279659
-0.034981,-0.010812,0.433581
0.015281,-0.020596,0.385716
-0.048239,-0.000237,0.354148
-0.049532,0.001341,0.354334
-0.057909,-0.000156,0.273921
-0.059281,0.001376,0.273892
0.041138,0.005509,0.201277
0.040801,0.004095,0.201550
-0.072785,-0.011578,0.207735
-0.074060,-0.010406,0.207693
-0.046588,0.061598,0.111657
-0.049714,0.061659,0.106710
0.037079,0.022100,0.287622
0.037247,0.019617,0.287584
-0.044351,0.031923,0.337938
-0.044899,0.030898,0.338618
-0.073896,0.032297,0.123731
-0.074239,0.030993,0.123747
0.016210,0.028768,0.199758
0.016752,0.027558,0.199952
-0.076754,0.030905,0.199496
-0.077189,0.028635,0.199741
-0.107721,0.114825,-0.048665
-0.063921,0.069530,0.007249
0.037304,0.021894,0.067828
0.037424,0.018986,0.068279
-0.076131,0.050467,0.102191
-0.073249,0.051380,0.101014
-0.067481,0.034996,0.135843
0.033635,0.024563,0.239164
0.033916,0.022368,0.239609
-0.090530,0.039506,0.290566
-0.082925,-0.002005,0.173209
-0.068786,0.003385,0.171213
-0.003711,0.055907,0.291905
-0.002343,0.055755,0.292168
-0.065010,0.002239,0.313658
-0.064014,0.000911,0.314271
-0.065986,0.049257,0.190760
-0.060876,0.050451,0.193497
0.036937,0.006896,0.296736
0.036143,0.004880,0.297108
-0.049484,0.045964,0.330114
-0.050878,0.044795,0.330663
-0.075709,0.012081,0.276299
-0.075273,0.009522,0.276272
0.023839,-0.015819,0.201573
0.025076,-0.015142,0.201316
-0.083502,0.017562,0.209250
-0.083413,0.018940,0.209187
-0.062940,0.130938,-0.003490
-0.021679,0.067694,0.029289
0.034760,0.032094,0.077957
0.035105,0.029898,0.078120
-0.081020,0.057230,0.066600
-0.079227,0.057713,0.066903
-0.091675,0.005206,0.389867
0.022883,0.009229,0.320437
0.023438,0.010476,0.320084
-0.067507,0.005884,0.319393
-0.067999,0.007237,0.319373
-0.062826,0.034823,0.239360
-0.063654,0.033699,0.239108
0.012956,0.018147,0.313826
-0.046351,0.031407,0.349241
-0.047052,0.029972,0.349587
-0.057048,0.004877,0.287673
-0.057960,0.006304,0.287705
0.037444,-0.004131,0.218420
0.038141,-0.002641,0.218207
-0.081480,-0.010495,0.203588
-0.081283,-0.010223,0.205725
-0.053797,0.025969,0.316956
0.016374,-0.015432,0.245989
0.017970,-0.014865,0.245578
-0.097604,0.055289,0.247412
-0.059376,-0.002323,0.288889
-0.060346,-0.001241,0.288913
0.032730,0.005894,0.213645
0.033136,0.007750,0.213296
-0.062815,0.004135,0.217121
-0.063469,0.005770,0.216948
-0.020447,0.005519,0.407424
0.010106,-0.001252,0.351564
-0.058516,0.008869,0.334241
-0.077973,0.012755,0.231822
-0.077659,0.011182,0.232506
0.019902,0.044340,0.305795
0.021141,0.043371,0.306181
-0.059551,0.017377,0.336839
-0.059059,0.015505,0.337467
-0.065573,-0.008663,0.259340
-0.064355,-0.009384,0.260717
0.005208,0.049053,0.327393
0.006808,0.048035,0.328334
-0.096464,-0.035380,0.389991
-0.055964,0.024381,0.433434
-0.002488,0.009010,0.373970
-0.081408,0.018225,0.369930
-0.090528,0.034139,0.173523
-0.090141,0.035544,0.173446
0.036162,0.044570,0.286731
0.037029,0.043477,0.286922
-0.071324,0.018484,0.307539
-0.069723,0.018565,0.318486
-0.055677,0.051822,0.271156
-0.054303,0.052228,0.271387
-0.064470,-0.019687,0.133732
-0.063149,-0.019965,0.133547
-0.029700,0.094592,0.087674
-0.068601,-0.010011,0.183545
-0.060451,0.010794,0.181532
0.001427,0.051228,0.279321
0.005931,0.050440,0.280690
-0.057395,-0.001411,0.300043
-0.054399,-0.000045,0.319606
0.021536,0.125661,0.325800
-0.049567,0.017204,0.246472
0.017106,0.045033,0.247263
0.019340,0.044132,0.247240
-0.029412,-0.031473,0.038138
-0.023312,-0.031274,0.038145
-0.065233,0.017615,0.109421
-0.062537,0.018362,0.109607
-0.007206,-0.060588,0.112658
-0.075941,0.053689,0.111341
-0.078270,0.053224,0.107569
0.027236,0.035077,0.267334
0.027965,0.033768,0.267598
-0.060586,0.023443,0.315579
-0.060692,0.021303,0.316891
-0.067314,-0.000772,0.181508
-0.066911,-0.000078,0.188947
0.004170,0.053666,0.259008
0.001751,0.054036,0.258652
-0.078763,-0.047951,0.252172
-0.068399,-0.002578,0.272315
-0.069470,-0.000936,0.272282
0.040996,0.003263,0.194105
0.035560,-0.000088,0.194845
-0.100565,-0.018003,0.199658
-0.047371,0.015844,0.241760
-0.050566,0.014717,0.240545
-0.019965,-0.024818,0.169086
-0.014686,-0.024699,0.168055
-0.064990,0.035158,0.181886
-0.063732,0.035429,0.182686
-0.053004,0.053969,0.281750
-0.050097,0.054679,0.283622
-0.075185,-0.013582,0.155690
-0.073913,-0.014116,0.155516
-0.050571,0.065674,0.110268
-0.048403,0.065793,0.110113
-0.048841,0.003045,0.348508
-0.046693,0.000110,0.347724
0.035625,0.005478,0.292166
0.036094,0.006854,0.291809
-0.051078,0.009726,0.299530
-0.052030,0.011664,0.299367
