0.000000
0.454000
0.057000
0.226000
0.126000
0.365000
0.044000
0.238000
0.214000
0.238000
0.362000
0.178000
0.254000
0.286000
0.175000
0.214000
0.116000
0.330000
0.152000
0.097000
0.000000
0.981000
0.000000
0.000000
0.107000
0.500000
0.112000
0.153000
0.016000
0.239000
0.000000
0.045000
0.000000
0.089000
0.001000
0.887000
0.000000
0.000000
0.201000
0.171000
0.327000
0.000000
0.000000
0.482000
0.740000
0.000000
0.424000
0.000000
0.153000
0.000000
0.000000
0.801000
0.000000
0.229000
0.000000
0.000000
0.162000
0.000000
0.000000
0.065000
0.594000
0.447000
